rank_number,actor,contributions,percent,cumulative_sum,cumulative_percent,all_contributions
1,arbreezy,560,9.18786,560,9.18786,6095
2,patrickpichler,75,1.23052,635,10.41838,6095
3,TylerGillson,69,1.13208,704,11.55045,6095
4,HatiCode,37,0.60705,741,12.15751,6095
5,JuHyung-Son,30,0.49221,771,12.64971,6095
6,camigira,28,0.45939,799,13.10911,6095
7,shivamdurgbuns,28,0.45939,827,13.56850,6095
8,eyalsofer,25,0.41017,852,13.97867,6095
9,dkuroczk,23,0.37736,875,14.35603,6095
10,swastik959,21,0.34454,896,14.70057,6095
11,golgoth31,19,0.31173,915,15.01231,6095
12,psturc,19,0.31173,934,15.32404,6095
13,chetanguptaa,17,0.27892,951,15.60295,6095
14,jatinmehrotra,16,0.26251,967,15.86546,6095
15,yeahservice,15,0.24610,982,16.11157,6095
16,hdm23061993,14,0.22970,996,16.34126,6095
17,nunoadrego,14,0.22970,1010,16.57096,6095
18,ptyin,14,0.22970,1024,16.80066,6095
19,thomasstxyz,12,0.19688,1036,16.99754,6095
20,tozastation,12,0.19688,1048,17.19442,6095
21,yangy30,12,0.19688,1060,17.39130,6095
22,MateSousa,11,0.18048,1071,17.57178,6095
23,sudiptob2,10,0.16407,1081,17.73585,6095
24,testwill,10,0.16407,1091,17.89992,6095
25,Nitishupkr,9,0.14766,1100,18.04758,6095
26,omahs,9,0.14766,1109,18.19524,6095
27,tsadoklf,9,0.14766,1118,18.34290,6095
28,VinayKadalagi,9,0.14766,1127,18.49057,6095
29,a5w,8,0.13126,1135,18.62182,6095
30,harshit-mehtaa,8,0.13126,1143,18.75308,6095
31,junskeep,8,0.13126,1151,18.88433,6095
32,nitishfy,8,0.13126,1159,19.01559,6095
33,wmashal,8,0.13126,1167,19.14684,6095
34,xavpaice,8,0.13126,1175,19.27810,6095
35,testA113,7,0.11485,1182,19.39295,6095
36,upr-kmd,7,0.11485,1189,19.50779,6095
37,antongisli,6,0.09844,1195,19.60623,6095
38,hapham1701,6,0.09844,1201,19.70468,6095
39,krishnaduttPanchagnula,6,0.09844,1207,19.80312,6095
40,numanjatt,6,0.09844,1213,19.90156,6095
41,Omkar0114,6,0.09844,1219,20.00000,6095
42,wujunwei,6,0.09844,1225,20.09844,6095
43,Chadiii,5,0.08203,1230,20.18048,6095
44,rwlove,5,0.08203,1235,20.26251,6095
45,AdminTurnedDevOps,4,0.06563,1239,20.32814,6095
46,gowthamc206,4,0.06563,1243,20.39377,6095
47,kevincichon,4,0.06563,1247,20.45939,6095
48,puffpuf,4,0.06563,1251,20.52502,6095
49,rohanmathias,4,0.06563,1255,20.59065,6095
50,sai-kumar-peddireddy,4,0.06563,1259,20.65628,6095
51,aakashsetia,3,0.04922,1262,20.70550,6095
52,adarshjhaa100,3,0.04922,1265,20.75472,6095
53,agvsap1,3,0.04922,1268,20.80394,6095
54,apc-jnytnai0613,3,0.04922,1271,20.85316,6095
55,gkaur1631,3,0.04922,1274,20.90238,6095
56,J00MZ,3,0.04922,1277,20.95160,6095
57,juan-vg,3,0.04922,1280,21.00082,6095
58,Pela647,3,0.04922,1283,21.05004,6095
59,radrad,3,0.04922,1286,21.09926,6095
60,sandeepV2,3,0.04922,1289,21.14848,6095
61,SJ-Kumar,3,0.04922,1292,21.19770,6095
62,SuperAayush,3,0.04922,1295,21.24692,6095
63,theblinkingusb,3,0.04922,1298,21.29614,6095
64,akhil888binoy,2,0.03281,1300,21.32896,6095
65,alegri90,2,0.03281,1302,21.36177,6095
66,ARYANis0001,2,0.03281,1304,21.39459,6095
67,BatemanBatman,2,0.03281,1306,21.42740,6095
68,briannd81,2,0.03281,1308,21.46021,6095
69,edilberto-fredcode,2,0.03281,1310,21.49303,6095
70,gogeof,2,0.03281,1312,21.52584,6095
71,harshsing2891,2,0.03281,1314,21.55865,6095
72,hungry1526,2,0.03281,1316,21.59147,6095
73,Jkudjo,2,0.03281,1318,21.62428,6095
74,lioryantov,2,0.03281,1320,21.65710,6095
75,lk153,2,0.03281,1322,21.68991,6095
76,matholleville,2,0.03281,1324,21.72272,6095
77,msandbu,2,0.03281,1326,21.75554,6095
78,PalAditya,2,0.03281,1328,21.78835,6095
79,panneer-dev,2,0.03281,1330,21.82116,6095
80,rohannair11,2,0.03281,1332,21.85398,6095
81,rrva,2,0.03281,1334,21.88679,6095
82,rudrakshkarpe,2,0.03281,1336,21.91961,6095
83,shijiadong2022,2,0.03281,1338,21.95242,6095
84,singhiqbal1007,2,0.03281,1340,21.98523,6095
85,sybo-matthew,2,0.03281,1342,22.01805,6095
86,trudog,2,0.03281,1344,22.05086,6095
87,yurymkomarov,2,0.03281,1346,22.08368,6095
88,AjinkyaBapat,1,0.01641,1347,22.10008,6095
89,Antvirf,1,0.01641,1348,22.11649,6095
90,ArslanYM,1,0.01641,1349,22.13290,6095
91,Crystalyyy,1,0.01641,1350,22.14930,6095
92,danilopo,1,0.01641,1351,22.16571,6095
93,Dkaykay,1,0.01641,1352,22.18212,6095
94,donwany,1,0.01641,1353,22.19852,6095
95,dprangnell,1,0.01641,1354,22.21493,6095
96,eravindar12,1,0.01641,1355,22.23134,6095
97,eyal-sofer,1,0.01641,1356,22.24774,6095
98,f35f0ef9d0e827dae86552d3899f78fc,1,0.01641,1357,22.26415,6095
99,galfrylich,1,0.01641,1358,22.28056,6095
100,ganto,1,0.01641,1359,22.29696,6095
101,gitpappy,1,0.01641,1360,22.31337,6095
102,grhovo,1,0.01641,1361,22.32978,6095
103,gzxb0712,1,0.01641,1362,22.34619,6095
104,HasseneFliss,1,0.01641,1363,22.36259,6095
105,hfiorillo,1,0.01641,1364,22.37900,6095
106,iamunnip,1,0.01641,1365,22.39541,6095
107,InputObject2,1,0.01641,1366,22.41181,6095
108,jayaramcloud,1,0.01641,1367,22.42822,6095
109,jeffrey-aguilera,1,0.01641,1368,22.44463,6095
110,jiuan111,1,0.01641,1369,22.46103,6095
111,jnytnai0613,1,0.01641,1370,22.47744,6095
112,justynroberts,1,0.01641,1371,22.49385,6095
113,krrishdholakia,1,0.01641,1372,22.51025,6095
114,kumarankit999,1,0.01641,1373,22.52666,6095
115,mayens,1,0.01641,1374,22.54307,6095
116,mhoagc,1,0.01641,1375,22.55947,6095
117,mitchross,1,0.01641,1376,22.57588,6095
118,namgizlat,1,0.01641,1377,22.59229,6095
119,naveenhalodoc,1,0.01641,1378,22.60870,6095
120,pawelrosada,1,0.01641,1379,22.62510,6095
121,pooriaghaedi,1,0.01641,1380,22.64151,6095
122,prshoper,1,0.01641,1381,22.65792,6095
123,raulmartinezr,1,0.01641,1382,22.67432,6095
124,rjchicago,1,0.01641,1383,22.69073,6095
125,rubensalazarblq,1,0.01641,1384,22.70714,6095
126,sadath-12,1,0.01641,1385,22.72354,6095
127,schmidp,1,0.01641,1386,22.73995,6095
128,shengkaixuan,1,0.01641,1387,22.75636,6095
129,shubham-uipath,1,0.01641,1388,22.77276,6095
130,shulzip,1,0.01641,1389,22.78917,6095
131,sprathod369,1,0.01641,1390,22.80558,6095
132,Tanmoy037,1,0.01641,1391,22.82199,6095
133,tpzumezawa,1,0.01641,1392,22.83839,6095
134,tybalex,1,0.01641,1393,22.85480,6095
135,umiyosh,1,0.01641,1394,22.87121,6095
136,UpstageAI,1,0.01641,1395,22.88761,6095
137,veniceofcode,1,0.01641,1396,22.90402,6095
138,WOODY-ALLEN,1,0.01641,1397,22.92043,6095
139,xeruf,1,0.01641,1398,22.93683,6095
140,yunzck8s,1,0.01641,1399,22.95324,6095
