rank_number,actor,contributions,percent,cumulative_sum,cumulative_percent,all_contributions
1,Itxaka,8934,24.97694,8934,24.97694,35769
2,jimmykarily,5071,14.17708,14005,39.15402,35769
3,ci-robbot,2094,5.85423,16099,45.00825,35769
4,paynejacob,441,1.23291,16540,46.24116,35769
5,santhoshdaivajna,364,1.01764,16904,47.25880,35769
6,sdwilsh,175,0.48925,17079,47.74805,35769
7,Ognian,82,0.22925,17161,47.97730,35769
8,Dr-N00B,77,0.21527,17238,48.19257,35769
9,vipsharm,74,0.20688,17312,48.39945,35769
10,christianprim,70,0.19570,17382,48.59515,35769
11,c0ffee,57,0.15936,17439,48.75451,35769
12,nianyush,50,0.13979,17489,48.89429,35769
13,tyzbit,39,0.10903,17528,49.00333,35769
14,Ludea,38,0.10624,17566,49.10956,35769
15,vfiftyfive,37,0.10344,17603,49.21301,35769
16,sarg3nt,35,0.09785,17638,49.31086,35769
17,Princesso,34,0.09505,17672,49.40591,35769
18,nano2007,28,0.07828,17700,49.48419,35769
19,kaiehrhardt,25,0.06989,17725,49.55408,35769
20,stelb,18,0.05032,17743,49.60441,35769
21,clanktron,17,0.04753,17760,49.65193,35769
22,simonfr,16,0.04473,17776,49.69666,35769
23,GrabbenD,13,0.03634,17789,49.73301,35769
24,musklor,13,0.03634,17802,49.76935,35769
25,wyvernzora,13,0.03634,17815,49.80570,35769
26,areitz86,12,0.03355,17827,49.83925,35769
27,Akvanvig,10,0.02796,17837,49.86720,35769
28,fafarun,10,0.02796,17847,49.89516,35769
29,zewelor,10,0.02796,17857,49.92312,35769
30,ddemaio,9,0.02516,17866,49.94828,35769
31,karl-cardenas-coding,9,0.02516,17875,49.97344,35769
32,omahs,9,0.02516,17884,49.99860,35769
33,avfuturist,8,0.02237,17892,50.02097,35769
34,cybernetic-mountaineer,8,0.02237,17900,50.04333,35769
35,DevOpsFu,8,0.02237,17908,50.06570,35769
36,IonitaCatalina,8,0.02237,17916,50.08807,35769
37,JPedro2,8,0.02237,17924,50.11043,35769
38,mordax7,8,0.02237,17932,50.13280,35769
39,cristian98149,7,0.01957,17939,50.15237,35769
40,mevatron,7,0.01957,17946,50.17194,35769
41,mirceabozi,7,0.01957,17953,50.19151,35769
42,renanqts,7,0.01957,17960,50.21108,35769
43,robarnold,7,0.01957,17967,50.23065,35769
44,vadimzharov,7,0.01957,17974,50.25022,35769
45,cheese,6,0.01677,17980,50.26699,35769
46,hellerbarde,6,0.01677,17986,50.28377,35769
47,jgautam,6,0.01677,17992,50.30054,35769
48,matclab,6,0.01677,17998,50.31731,35769
49,Mechputer,6,0.01677,18004,50.33409,35769
50,scuzhanglei,6,0.01677,18010,50.35086,35769
51,swetasgit,6,0.01677,18016,50.36764,35769
52,tantalic,6,0.01677,18022,50.38441,35769
53,asteven,5,0.01398,18027,50.39839,35769
54,codrin-iftimie,5,0.01398,18032,50.41237,35769
55,irishgordo,5,0.01398,18037,50.42635,35769
56,labeth,5,0.01398,18042,50.44033,35769
57,mstrohl,5,0.01398,18047,50.45430,35769
58,felixmw,4,0.01118,18051,50.46549,35769
59,flesser,4,0.01118,18055,50.47667,35769
60,ndlanier,4,0.01118,18059,50.48785,35769
61,RyzeNGrind,4,0.01118,18063,50.49904,35769
62,shanduur,4,0.01118,18067,50.51022,35769
63,Siboney1,4,0.01118,18071,50.52140,35769
64,Wolverine65,4,0.01118,18075,50.53258,35769
65,cz75ww,3,0.00839,18078,50.54097,35769
66,itzwam,3,0.00839,18081,50.54936,35769
67,j-landru,3,0.00839,18084,50.55775,35769
68,jtcressy,3,0.00839,18087,50.56613,35769
69,paddy-hack,3,0.00839,18090,50.57452,35769
70,Trogie,3,0.00839,18093,50.58291,35769
71,wcrum,3,0.00839,18096,50.59129,35769
72,6ixfalls,2,0.00559,18098,50.59689,35769
73,AdrienEti,2,0.00559,18100,50.60248,35769
74,amarjeet27,2,0.00559,18102,50.60807,35769
75,AndreyNikiforov,2,0.00559,18104,50.61366,35769
76,ApolloDS,2,0.00559,18106,50.61925,35769
77,Bao0ne,2,0.00559,18108,50.62484,35769
78,carlo-colombo,2,0.00559,18110,50.63043,35769
79,cloudmaniac,2,0.00559,18112,50.63603,35769
80,davidthewatson,2,0.00559,18114,50.64162,35769
81,firstdorsal,2,0.00559,18116,50.64721,35769
82,HasseJohansen,2,0.00559,18118,50.65280,35769
83,jclab-joseph,2,0.00559,18120,50.65839,35769
84,jvantillo,2,0.00559,18122,50.66398,35769
85,marcelaquintela,2,0.00559,18124,50.66957,35769
86,Nicolas-Peiffer,2,0.00559,18126,50.67517,35769
87,nicop311,2,0.00559,18128,50.68076,35769
88,Orhideous,2,0.00559,18130,50.68635,35769
89,rsheng118,2,0.00559,18132,50.69194,35769
90,Scarjit,2,0.00559,18134,50.69753,35769
91,unusualfor,2,0.00559,18136,50.70312,35769
92,vivekBoii,2,0.00559,18138,50.70871,35769
93,xiaoxianBoy,2,0.00559,18140,50.71431,35769
94,yorkfly,2,0.00559,18142,50.71990,35769
95,zy1818,2,0.00559,18144,50.72549,35769
96,ABFocke,1,0.00280,18145,50.72828,35769
97,afayasa,1,0.00280,18146,50.73108,35769
98,allenporter,1,0.00280,18147,50.73388,35769
99,ankycooper,1,0.00280,18148,50.73667,35769
100,audiato,1,0.00280,18149,50.73947,35769
101,cmbaron,1,0.00280,18150,50.74226,35769
102,cog-nick,1,0.00280,18151,50.74506,35769
103,cornfeedhobo,1,0.00280,18152,50.74785,35769
104,danielffischer,1,0.00280,18153,50.75065,35769
105,davidnajar,1,0.00280,18154,50.75345,35769
106,deekue,1,0.00280,18155,50.75624,35769
107,DrKittens,1,0.00280,18156,50.75904,35769
108,dwaite,1,0.00280,18157,50.76183,35769
109,franzudev,1,0.00280,18158,50.76463,35769
110,fullmetal-fred,1,0.00280,18159,50.76742,35769
111,gaocheng001,1,0.00280,18160,50.77022,35769
112,guyni,1,0.00280,18161,50.77302,35769
113,infogulch,1,0.00280,18162,50.77581,35769
114,jkolo,1,0.00280,18163,50.77861,35769
115,jmaerki,1,0.00280,18164,50.78140,35769
116,jmpolom,1,0.00280,18165,50.78420,35769
117,liouxiao,1,0.00280,18166,50.78699,35769
118,massimogallina,1,0.00280,18167,50.78979,35769
119,mr-onion-2,1,0.00280,18168,50.79259,35769
120,shoop,1,0.00280,18169,50.79538,35769
121,spijker,1,0.00280,18170,50.79818,35769
122,thomasmhofmann,1,0.00280,18171,50.80097,35769
123,VishalKulshrestha,1,0.00280,18172,50.80377,35769
124,x-0D,1,0.00280,18173,50.80656,35769
125,xt0ph,1,0.00280,18174,50.80936,35769
