rank_number,actor,contributions,percent,cumulative_sum,cumulative_percent,all_contributions
1,siliconbrain,626,5.65952,626,5.65952,11061
2,fekete-robert,413,3.73384,1039,9.39336,11061
3,asdwsda,244,2.20595,1283,11.59931,11061
4,bshifter,227,2.05226,1510,13.65157,11061
5,OverOrion,190,1.71775,1700,15.36932,11061
6,genofire,94,0.84983,1794,16.21915,11061
7,kristofgyuracz,92,0.83175,1886,17.05090,11061
8,velothump,84,0.75943,1970,17.81032,11061
9,MrAnno,71,0.64189,2041,18.45222,11061
10,worr,50,0.45204,2091,18.90426,11061
11,alexxed,36,0.32547,2127,19.22973,11061
12,orymate,32,0.28930,2159,19.51903,11061
13,petergvizd,23,0.20794,2182,19.72697,11061
14,kenankule,22,0.19890,2204,19.92587,11061
15,Sebor,22,0.19890,2226,20.12476,11061
16,2020testuser,17,0.15369,2243,20.27846,11061
17,alexvaque,15,0.13561,2258,20.41407,11061
18,ekhaydarov,12,0.10849,2270,20.52256,11061
19,gvizdpeter,12,0.10849,2282,20.63105,11061
20,Hisagar,12,0.10849,2294,20.73954,11061
21,RaSerge,12,0.10849,2306,20.84802,11061
22,smlx,12,0.10849,2318,20.95651,11061
23,nak0f,11,0.09945,2329,21.05596,11061
24,florianstoeber,10,0.09041,2339,21.14637,11061
25,karloramone,10,0.09041,2349,21.23678,11061
26,alex-souslik-hs,9,0.08137,2358,21.31814,11061
27,amitlt,9,0.08137,2367,21.39951,11061
28,cyrus-mc,9,0.08137,2376,21.48088,11061
29,dbason,9,0.08137,2385,21.56225,11061
30,fust,9,0.08137,2394,21.64361,11061
31,overdrive3000,9,0.08137,2403,21.72498,11061
32,wondersd,9,0.08137,2412,21.80635,11061
33,bovlb,8,0.07233,2420,21.87867,11061
34,fwagner-smf,8,0.07233,2428,21.95100,11061
35,jaimehrubiks,8,0.07233,2436,22.02333,11061
36,sureshgoli25,8,0.07233,2444,22.09565,11061
37,Thoro,8,0.07233,2452,22.16798,11061
38,123BLiN,7,0.06329,2459,22.23126,11061
39,DanielBodnar,7,0.06329,2466,22.29455,11061
40,dududko,7,0.06329,2473,22.35783,11061
41,eljohnson92,7,0.06329,2480,22.42112,11061
42,hyperion-hyp,7,0.06329,2487,22.48440,11061
43,jeremych1000,7,0.06329,2494,22.54769,11061
44,joseacl,7,0.06329,2501,22.61098,11061
45,pbalogh-sa,7,0.06329,2508,22.67426,11061
46,AlKapkone,6,0.05424,2514,22.72851,11061
47,bryce-wilkinson-443,6,0.05424,2520,22.78275,11061
48,dcasado,6,0.05424,2526,22.83699,11061
49,mamu-reply,6,0.05424,2532,22.89124,11061
50,mfbrj,6,0.05424,2538,22.94548,11061
51,ncrothe,6,0.05424,2544,22.99973,11061
52,RushedLogic,6,0.05424,2550,23.05397,11061
53,true64gurus,6,0.05424,2556,23.10822,11061
54,acarsercan,5,0.04520,2561,23.15342,11061
55,adnan-kobir-sp,5,0.04520,2566,23.19863,11061
56,ChamMach,5,0.04520,2571,23.24383,11061
57,ecusnir,5,0.04520,2576,23.28903,11061
58,kumarganesh2814,5,0.04520,2581,23.33424,11061
59,panaji,5,0.04520,2586,23.37944,11061
60,simonkey007,5,0.04520,2591,23.42465,11061
61,staerion,5,0.04520,2596,23.46985,11061
62,zhj-hx,5,0.04520,2601,23.51505,11061
63,CloudXiaobai,4,0.03616,2605,23.55122,11061
64,g-traveller,4,0.03616,2609,23.58738,11061
65,hahawu42,4,0.03616,2613,23.62354,11061
66,nitinmohan87,4,0.03616,2617,23.65971,11061
67,pheianox,4,0.03616,2621,23.69587,11061
68,saiinuganti,4,0.03616,2625,23.73203,11061
69,seb783191,4,0.03616,2629,23.76819,11061
70,testwill,4,0.03616,2633,23.80436,11061
71,abierbaum,3,0.02712,2636,23.83148,11061
72,adie,3,0.02712,2639,23.85860,11061
73,Ancitik,3,0.02712,2642,23.88572,11061
74,arvindkonar,3,0.02712,2645,23.91285,11061
75,bovy89,3,0.02712,2648,23.93997,11061
76,buddyledungarees,3,0.02712,2651,23.96709,11061
77,caipengtao,3,0.02712,2654,23.99421,11061
78,calvin-puram,3,0.02712,2657,24.02134,11061
79,davidmohar,3,0.02712,2660,24.04846,11061
80,Drupi,3,0.02712,2663,24.07558,11061
81,dtwork2022,3,0.02712,2666,24.10270,11061
82,duhow,3,0.02712,2669,24.12983,11061
83,envybee,3,0.02712,2672,24.15695,11061
84,evilrussian,3,0.02712,2675,24.18407,11061
85,frjaraur,3,0.02712,2678,24.21119,11061
86,Gholie,3,0.02712,2681,24.23831,11061
87,hpdvanwyk,3,0.02712,2684,24.26544,11061
88,Ishwinder-kaur,3,0.02712,2687,24.29256,11061
89,jadhavnitind,3,0.02712,2690,24.31968,11061
90,jdonnelly-apixio,3,0.02712,2693,24.34680,11061
91,joosangkim,3,0.02712,2696,24.37393,11061
92,Jorricks,3,0.02712,2699,24.40105,11061
93,joyartoun,3,0.02712,2702,24.42817,11061
94,liogate,3,0.02712,2705,24.45529,11061
95,lulukas86,3,0.02712,2708,24.48242,11061
96,melkosoft,3,0.02712,2711,24.50954,11061
97,mgmgwi,3,0.02712,2714,24.53666,11061
98,naviat,3,0.02712,2717,24.56378,11061
99,nparfait,3,0.02712,2720,24.59090,11061
100,onpaws,3,0.02712,2723,24.61803,11061
101,pieterv-icloud-com,3,0.02712,2726,24.64515,11061
102,PlayMTL,3,0.02712,2729,24.67227,11061
103,pregnor,3,0.02712,2732,24.69939,11061
104,preved911,3,0.02712,2735,24.72652,11061
105,sebastiendejou,3,0.02712,2738,24.75364,11061
106,sebracs,3,0.02712,2741,24.78076,11061
107,steffeneichler,3,0.02712,2744,24.80788,11061
108,sudip-moengage,3,0.02712,2747,24.83501,11061
109,tesharp,3,0.02712,2750,24.86213,11061
110,tirelibirefe,3,0.02712,2753,24.88925,11061
111,vanveele,3,0.02712,2756,24.91637,11061
112,wgb1990,3,0.02712,2759,24.94350,11061
113,xhejtman,3,0.02712,2762,24.97062,11061
114,adou0510,2,0.01808,2764,24.98870,11061
115,Allengf,2,0.01808,2766,25.00678,11061
116,AmitMatsil,2,0.01808,2768,25.02486,11061
117,anubhavkr,2,0.01808,2770,25.04294,11061
118,arati-1,2,0.01808,2772,25.06103,11061
119,artemkrim,2,0.01808,2774,25.07911,11061
120,Asgoret,2,0.01808,2776,25.09719,11061
121,avenging,2,0.01808,2778,25.11527,11061
122,chiltonj,2,0.01808,2780,25.13335,11061
123,chuanbai,2,0.01808,2782,25.15143,11061
124,ctrader321,2,0.01808,2784,25.16951,11061
125,dariuslwh95,2,0.01808,2786,25.18760,11061
126,dodwyer,2,0.01808,2788,25.20568,11061
127,domherve,2,0.01808,2790,25.22376,11061
128,dsakagi,2,0.01808,2792,25.24184,11061
129,eNettMattD,2,0.01808,2794,25.25992,11061
130,fiscafusca,2,0.01808,2796,25.27800,11061
131,flouthoc,2,0.01808,2798,25.29609,11061
132,forgivelyj,2,0.01808,2800,25.31417,11061
133,fplantinga-guida,2,0.01808,2802,25.33225,11061
134,gaddaak,2,0.01808,2804,25.35033,11061
135,giakinh0823,2,0.01808,2806,25.36841,11061
136,gthieleb,2,0.01808,2808,25.38649,11061
137,gulin90,2,0.01808,2810,25.40457,11061
138,guyta-essence,2,0.01808,2812,25.42266,11061
139,heojay,2,0.01808,2814,25.44074,11061
140,jaggerwang,2,0.01808,2816,25.45882,11061
141,jam-re,2,0.01808,2818,25.47690,11061
142,jblackburn21,2,0.01808,2820,25.49498,11061
143,Jellyfrog,2,0.01808,2822,25.51306,11061
144,jgrexa,2,0.01808,2824,25.53115,11061
145,joed14,2,0.01808,2826,25.54923,11061
146,kikisp,2,0.01808,2828,25.56731,11061
147,kobejn-jb,2,0.01808,2830,25.58539,11061
148,konvergence,2,0.01808,2832,25.60347,11061
149,kostyaplis,2,0.01808,2834,25.62155,11061
150,kwinkel,2,0.01808,2836,25.63963,11061
151,LinkMaq,2,0.01808,2838,25.65772,11061
152,luisandresvb,2,0.01808,2840,25.67580,11061
153,lukasbar,2,0.01808,2842,25.69388,11061
154,MagnusRef,2,0.01808,2844,25.71196,11061
155,mradha25,2,0.01808,2846,25.73004,11061
156,PScharrenberg,2,0.01808,2848,25.74812,11061
157,psyhomb,2,0.01808,2850,25.76621,11061
158,richiMarchi,2,0.01808,2852,25.78429,11061
159,silverm0on,2,0.01808,2854,25.80237,11061
160,SSvilen,2,0.01808,2856,25.82045,11061
161,stoader,2,0.01808,2858,25.83853,11061
162,suryapssv,2,0.01808,2860,25.85661,11061
163,swapanshridhar,2,0.01808,2862,25.87469,11061
164,thanostak,2,0.01808,2864,25.89278,11061
165,timbrd,2,0.01808,2866,25.91086,11061
166,vaishali-prophecy,2,0.01808,2868,25.92894,11061
167,vhdirk,2,0.01808,2870,25.94702,11061
168,yzargari,2,0.01808,2872,25.96510,11061
169,zhanghe9702,2,0.01808,2874,25.98318,11061
170,ZleFox,2,0.01808,2876,26.00127,11061
171,1it,1,0.00904,2877,26.01031,11061
172,23henne,1,0.00904,2878,26.01935,11061
173,3rgfbrgf,1,0.00904,2879,26.02839,11061
174,AakashMasand,1,0.00904,2880,26.03743,11061
175,adamantal,1,0.00904,2881,26.04647,11061
176,adaphi,1,0.00904,2882,26.05551,11061
177,akhalyavka,1,0.00904,2883,26.06455,11061
178,aleksey-dv,1,0.00904,2884,26.07359,11061
179,alfianabdi,1,0.00904,2885,26.08263,11061
180,alibahramiyan,1,0.00904,2886,26.09167,11061
181,alimravac,1,0.00904,2887,26.10071,11061
182,alltilla,1,0.00904,2888,26.10975,11061
183,ananth07reddy,1,0.00904,2889,26.11880,11061
184,andrevcf,1,0.00904,2890,26.12784,11061
185,apmartins85,1,0.00904,2891,26.13688,11061
186,BadLiveware,1,0.00904,2892,26.14592,11061
187,BaskiGIT,1,0.00904,2893,26.15496,11061
188,bazzilio,1,0.00904,2894,26.16400,11061
189,bryce-wilkinson-rkt,1,0.00904,2895,26.17304,11061
190,chandrabhan319,1,0.00904,2896,26.18208,11061
191,ChenZheOnePiece,1,0.00904,2897,26.19112,11061
192,cjprinse,1,0.00904,2898,26.20016,11061
193,DarthBajt,1,0.00904,2899,26.20920,11061
194,davidbalazs,1,0.00904,2900,26.21824,11061
195,dedops,1,0.00904,2901,26.22729,11061
196,digiserg,1,0.00904,2902,26.23633,11061
197,dorroddorrod,1,0.00904,2903,26.24537,11061
198,dtoporin,1,0.00904,2904,26.25441,11061
199,Dubouchj,1,0.00904,2905,26.26345,11061
200,dyslexicat,1,0.00904,2906,26.27249,11061
201,dzikismigol,1,0.00904,2907,26.28153,11061
202,Ebrithil95,1,0.00904,2908,26.29057,11061
203,eduardoscheidet,1,0.00904,2909,26.29961,11061
204,eevdev,1,0.00904,2910,26.30865,11061
205,empath-75,1,0.00904,2911,26.31769,11061
206,EmrahKK,1,0.00904,2912,26.32673,11061
207,evalderhaug,1,0.00904,2913,26.33577,11061
208,hankyang1202,1,0.00904,2914,26.34482,11061
209,heavenly999,1,0.00904,2915,26.35386,11061
210,helenrai,1,0.00904,2916,26.36290,11061
211,himansri,1,0.00904,2917,26.37194,11061
212,houshym,1,0.00904,2918,26.38098,11061
213,iridian-ks,1,0.00904,2919,26.39002,11061
214,isaac441,1,0.00904,2920,26.39906,11061
215,jackice,1,0.00904,2921,26.40810,11061
216,JaPizzaOk,1,0.00904,2922,26.41714,11061
217,javdet,1,0.00904,2923,26.42618,11061
218,jawabuu,1,0.00904,2924,26.43522,11061
219,jbucar,1,0.00904,2925,26.44426,11061
220,johnlane,1,0.00904,2926,26.45330,11061
221,JoshVee,1,0.00904,2927,26.46235,11061
222,kamirendawkins,1,0.00904,2928,26.47139,11061
223,karthik012,1,0.00904,2929,26.48043,11061
224,kefiras,1,0.00904,2930,26.48947,11061
225,kingnarmer,1,0.00904,2931,26.49851,11061
226,konstantin-schura,1,0.00904,2932,26.50755,11061
227,Ksreenivas,1,0.00904,2933,26.51659,11061
228,L1ghtman2k,1,0.00904,2934,26.52563,11061
229,laconictae,1,0.00904,2935,26.53467,11061
230,Lamovich,1,0.00904,2936,26.54371,11061
231,liadlauber,1,0.00904,2937,26.55275,11061
232,lobida,1,0.00904,2938,26.56179,11061
233,lonelyagegeek,1,0.00904,2939,26.57083,11061
234,lpuskas,1,0.00904,2940,26.57988,11061
235,lucasclerissepro,1,0.00904,2941,26.58892,11061
236,m60212,1,0.00904,2942,26.59796,11061
237,malletgu,1,0.00904,2943,26.60700,11061
238,maxaudron,1,0.00904,2944,26.61604,11061
239,MaximSidorovRep,1,0.00904,2945,26.62508,11061
240,mayrstefan,1,0.00904,2946,26.63412,11061
241,mboumsahi,1,0.00904,2947,26.64316,11061
242,mcculloughsco,1,0.00904,2948,26.65220,11061
243,mhmtsvr,1,0.00904,2949,26.66124,11061
244,mikekuzak,1,0.00904,2950,26.67028,11061
245,mkaiserincomm,1,0.00904,2951,26.67932,11061
246,Mortega5,1,0.00904,2952,26.68836,11061
247,muratcanozdemir,1,0.00904,2953,26.69741,11061
248,mzdrale,1,0.00904,2954,26.70645,11061
249,mzeevi,1,0.00904,2955,26.71549,11061
250,nbari,1,0.00904,2956,26.72453,11061
251,nickngch,1,0.00904,2957,26.73357,11061
252,ninjaslothx,1,0.00904,2958,26.74261,11061
253,niwza-ua,1,0.00904,2959,26.75165,11061
254,oleksandr9379992,1,0.00904,2960,26.76069,11061
255,oschira,1,0.00904,2961,26.76973,11061
256,oscisan,1,0.00904,2962,26.77877,11061
257,oshelot,1,0.00904,2963,26.78781,11061
258,pavan541cs,1,0.00904,2964,26.79685,11061
259,piellick,1,0.00904,2965,26.80589,11061
260,placydo,1,0.00904,2966,26.81494,11061
261,P-n-I,1,0.00904,2967,26.82398,11061
262,PookiPok,1,0.00904,2968,26.83302,11061
263,prescott-core,1,0.00904,2969,26.84206,11061
264,PumpkinSeed,1,0.00904,2970,26.85110,11061
265,qdupuy,1,0.00904,2971,26.86014,11061
266,rajasree1993,1,0.00904,2972,26.86918,11061
267,razee-khan-aq,1,0.00904,2973,26.87822,11061
268,ronhorton,1,0.00904,2974,26.88726,11061
269,rossmmurray,1,0.00904,2975,26.89630,11061
270,rudolfasd,1,0.00904,2976,26.90534,11061
271,sagarshrestha24,1,0.00904,2977,26.91438,11061
272,santoshr1016,1,0.00904,2978,26.92342,11061
273,sathishpuranik,1,0.00904,2979,26.93247,11061
274,scbunn-avalara,1,0.00904,2980,26.94151,11061
275,schaenzer,1,0.00904,2981,26.95055,11061
276,schmittse,1,0.00904,2982,26.95959,11061
277,skaffille,1,0.00904,2983,26.96863,11061
278,SoarinFerret,1,0.00904,2984,26.97767,11061
279,srmcleman,1,0.00904,2985,26.98671,11061
280,sstafford,1,0.00904,2986,26.99575,11061
281,stalin4suse,1,0.00904,2987,27.00479,11061
282,starbops,1,0.00904,2988,27.01383,11061
283,SuitableProduce,1,0.00904,2989,27.02287,11061
284,SureshGoli123,1,0.00904,2990,27.03191,11061
285,sytgj7896321,1,0.00904,2991,27.04095,11061
286,szemmouri,1,0.00904,2992,27.05000,11061
287,tamaskozak,1,0.00904,2993,27.05904,11061
288,tboussar,1,0.00904,2994,27.06808,11061
289,theanotherwise,1,0.00904,2995,27.07712,11061
290,tkyoo,1,0.00904,2996,27.08616,11061
291,tptignor,1,0.00904,2997,27.09520,11061
292,vitalyl1343,1,0.00904,2998,27.10424,11061
293,volleynator,1,0.00904,2999,27.11328,11061
294,vwbusguy,1,0.00904,3000,27.12232,11061
295,WTPascoe,1,0.00904,3001,27.13136,11061
296,yaroslavkasatikov,1,0.00904,3002,27.14040,11061
297,y-eight,1,0.00904,3003,27.14944,11061
298,ziaudin,1,0.00904,3004,27.15848,11061
